1908726,
1908715,
1908723,
1908737,
1908719,
1908740,
1908717,
1908742,
1908746,
1908747,
1908751,
1908749,
1908745,
1908754,
1923187,
1923178,
1923190,
1900215,
1900219,
1900207,
1900211,
1900218,
1900269,
1900281,
1900283,
1900287,
1920787,
1920789,
1920792,
1920795,
1920791,
1920797,
1920794,
1926926,
1926927,
1926922,
1926925,
1926923,
1925488,
1925495,
1925498,
1925503,
1925520,
1925485,
1925486,
1925492,
1925501,
1900621,
1900627,
1900630,
1900623,
1900633,
1900637,
1900645,
1900642,
1900647,
1900649,
1900651,
1900622,
1914329,
1914332,
1914335,
1914340,
1914325,
1914331,
1914334,
1914336,
1914338,
1914339,
1914341,
1914345,
1914348,
1914350,
1914353,
1914354,
1914347,
1914351,
1925555,
1925556,
1928274,
1928279,
1928292,
1928271,
1928283,
1928296,
1928301,
1917698,
1917700,
1917703,
1917704,
1917699,
1917702,
1917705,
1917706,
1917701,
1916744,
1925560,
1925565,
1914344,
1914352,
1914355,
1914356,
1914358,
1914360,
1914346,
1914357,
1914359,
1914362,
1914365,
1914367,
1914373,
1914374,
1914379,
1914377,
1914389,
1914393,
1914396,
1914371,
1914381,
1914386,
1914375,
1914403,
1914376,
1914405,
1914406,
1914412,
1914415,
1914384,
1914395,
1914409,
1914407,
1914410,
1914411,
1914417,
1914419,
1914437,
1914442,
1923889,
1914262,
1914267,
1914270,
1914264,
1914272,
1925530,
1925531,
1925532,
1925534,
1925535,
1925536,
1925538,
1925539,
1925527,
1914274,
1914276,
1914278,
1914294,
1914282,
1914287,
1914292,
1914293,
1914297,
1914300,
1914304,
1914296,
1914302,
1914420,
1914423,
1914418,
1914427,
1914428,
1914430,
1914429,
1928594,
1928585,
1928599,
1928602,
1928603,
1928609,
1917613,
1917621,
1901019,
1901032,
1901036,
1901056,
1901059,
1901062,
1901065,
1901073,
1901075,
1901053,
1901068,
1901076,
1901081,
1901084,
1926936,
1926938,
1926940,
1926943,
1926945,
1925509,
1925514,
1925522,
1925524,
1925525,
1925510,
1925513,
1925515,
1925512,
1925516,
1925630,
1933269,
1933274,
1933278,
1933282,
1933286,
1933271,
1933295,
1928348,
1928350,
1928351,
1914431,
1914434,
1914439,
1914445,
1914450,
1914394,
1914398,
1914397,
1914401,
1914404,
1914408,
1914392,
1914399
